ACTIVE_PART_STACK__BORDER_COLOR=221.53847, 0.2074468, 0.7372549, 0|221.53847, 0.2074468, 0.7372549, 0|221.53847, 0.207447, 0.737255, 100
ACTIVE_PART_STACK__BORDER_SHOW=true
ACTIVE_PART_STACK__CHEVRON_COLOR=223.07692, 0.5106383, 0.57978725
ACTIVE_PART_STACK__HEADER_BACKGROUND_COLOR=223.2, 0.10162601, 0.9647059, 0|220.0, 0.11392404, 0.92941177, 100
ACTIVE_PART_STACK__HOVER_BORDER_COLOR=0.0, 0.0, 1.0, 0|60.0, 1.0, 1.0, 50|0.0, 1.0, 1.0, 100
ACTIVE_PART_STACK__HOVER_FILL_COLOR=223.2, 0.047872342, 0.9787234, 0|220.0, 0.06382979, 0.9468085, 100
ACTIVE_PART_STACK__SELECTED_BORDER_COLOR=221.53847, 0.207447, 0.737255, 0|221.53847, 0.207447, 0.737255, 100
ACTIVE_PART_STACK__SELECTED_BORDER_SHOW=true
ACTIVE_PART_STACK__SELECTED_FILL_COLOR=0.0, 0.0, 1.0, 0|0.0, 0.0, 1.0, 100
ACTIVE_PART_STACK__UNSELECTED_BORDER_COLOR=0.0, 0.0, 1.0, 0|60.0, 1.0, 1.0, 50|0.0, 1.0, 1.0, 100
ACTIVE_PART_STACK__UNSELECTED_FILL_COLOR=0.0, 0.0, 1.0, 0|60.0, 1.0, 1.0, 50|0.0, 1.0, 1.0, 100
INACTIVE_PART_STACK__BORDER_COLOR=224.0, 0.07042253, 0.8352941, 0|224.0, 0.070423, 0.835294, 100
INACTIVE_PART_STACK__BORDER_SHOW=true
INACTIVE_PART_STACK__HEADER_BACKGROUND_COLOR=0.0, 0.0, 0.9254902, 0|0.0, 0.0, 0.8666667, 100
INACTIVE_PART_STACK__HOVER_BORDER_COLOR=0.0, 0.0, 1.0, 0|60.0, 1.0, 1.0, 50|0.0, 1.0, 1.0, 100
INACTIVE_PART_STACK__SELECTED_BORDER_COLOR=224.0, 0.07042253, 0.8352941, 0|224.0, 0.070423, 0.835294, 100
INACTIVE_PART_STACK__SELECTED_BORDER_SHOW=true
INACTIVE_PART_STACK__UNSELECTED_BORDER_COLOR=0.0, 0.0, 1.0, 0|60.0, 1.0, 1.0, 50|0.0, 1.0, 1.0, 100
INACTIVE_PART_STACK__UNSELECTED_FILL_COLOR=0.0, 0.0, 1.0, 0|60.0, 1.0, 1.0, 50|0.0, 1.0, 1.0, 100
LAYOUT__BORDER_RADIUS=6
LAYOUT__CONTENT_PADDING=2
LAYOUT__MINIMUM_CHARACTERS_FOR_EDITORS=1
LAYOUT__SHADOW_COLOR=0.0, 0.0, 0.7819149
LAYOUT__TRUNCATE_EDITORS_TAB_ITEMS_ALSO=false
LAYOUT__TRUNCATE_TAB_ITEMS=false
MEMENTO__LAST_CHOOSED_PRESET=net.jeeeyul.eclipse.themes.preset.chrome
TEXT_EDITOR__UNDER_LINE_COLOR=0.0, 0.0, 0.0
TEXT_EDITOR__UNDER_LINE_STYLE=0
WINDOW__BACKGROUND_COLOR=0.0, 0.0, 0.93333334
WINDOW__PERSPECTIVE_SWITCHER_FILL_COLOR=0.0, 0.0, 0.929412, 0|0.0, 0.0, 0.92941177, 100
WINDOW__PERSPECTIVE_SWITCHER_KEY_LINE_COLOR=0.0, 0.0, 0.7074468
WINDOW__STATUS_BAR_FILL_COLOR=0.0, 0.0, 0.93333334, 0|0.0, 0.0, 0.933333, 100
eclipse.preferences.version=1
